(10,132),1.0
(10,20),1.0
(110,178),1.0
(121,298),1.0
(126,133),1.0
(161,1003),1.0
(170,376),1.0
(176,566),1.0
(180,314),1.0
(180,458),1.0
(188,314),1.0
(188,458),1.0
(2,10),1.0
(2,132),1.0
(2,20),1.0
(20,132),1.0
(205,570),1.0
(207,913),1.0
(215,314),1.0
(215,458),1.0
(216,217),1.0
(22,122),1.0
(22,38),1.0
(221,314),1.0
(221,458),1.0
(23,123),1.0
(23,39),1.0
(234,859),1.0
(24,124),1.0
(24,41),1.0
(25,125),1.0
(25,49),1.0
(26,126),1.0
(26,133),1.0
(262,975),1.0
(27,127),1.0
(270,314),1.0
(270,458),1.0
(28,128),1.0
(28,51),1.0
(281,314),1.0
(281,458),1.0
(29,129),1.0
(29,53),1.0
(307,981),1.0
(314,315),1.0
(314,370),1.0
(314,371),1.0
(314,436),1.0
(314,458),1.0
(314,537),1.0
(314,695),1.0
(314,705),1.0
(314,832),1.0
(314,863),1.0
(315,458),1.0
(342,450),1.0
(356,808),1.0
(370,458),1.0
(371,458),1.0
(374,1030),1.0
(374,417),1.0
(374,435),1.0
(374,689),1.0
(38,122),1.0
(39,123),1.0
(392,450),1.0
(41,124),1.0
(434,608),1.0
(434,688),1.0
(434,696),1.0
(434,700),1.0
(436,458),1.0
(450,699),1.0
(458,537),1.0
(458,695),1.0
(458,705),1.0
(458,832),1.0
(458,863),1.0
(47,54),1.0
(49,125),1.0
(497,760),1.0
(5,47),1.0
(50,148),1.0
(51,128),1.0
(520,663),1.0
(526,868),1.0
(53,129),1.0
(542,800),1.0
(597,644),1.0
(60,831),1.0
(601,900),1.0
(637,748),1.0
(659,758),1.0
(682,913),1.0
(682,916),1.0
(719,721),1.0
(768,916),1.0
(771,924),1.0
(778,913),1.0
(795,891),1.0
(795,892),1.0
(846,906),1.0
(898,924),1.0
(916,922),1.0
(93,95),1.0
